latency,RSSI,filtered latency,TIMESTAMP,Drop?
0,-88,0,0.0,0
0,-89,0,0.18447000000014668,0
0,-87,0,0.3690599999972619,0
0,-88,0,0.5593669999943813,0
0,-91,0,0.7541500000006636,0
0,-90,0,0.9328610000011395,0
0,-93,0,1.1334229999993113,0
0,-94,0,1.302243999998609,0
0,-95,0,1.4704669999991893,0
0,-97,0,1.6710099999982049,0
0,-98,0,1.871631999994861,0
0,-96,0,2.0196109999960754,0
0,-99,0,2.2061399999947753,0
0,-98,0,2.372239999996964,0
0,-100,0,2.519259000000602,0
0,-102,0,2.7164499999998952,0
0,-101,0,2.8885109999973793,0
0,-101,0,3.0730599999951664,0
0,-103,0,3.289426999996067,0
0,-103,0,3.4615909999993164,0
0,-103,0,3.643746999994619,0
0,-105,0,3.8310329999949317,0
0,-103,0,4.020730999996886,0
0,-103,0,4.19767299999512,0
0,-103,0,4.374635000000126,0
0,-103,0,4.520722999994177,0
0,-103,0,4.685503000000608,0
0,-103,0,4.8597049999953015,0
0,-103,0,5.024238999998488,0
0,-103,0,5.213628999998036,0
0,-103,0,5.376088999997592,0
0,-103,0,5.560583999998926,0
0,-103,0,5.760857000001124,0
0,-103,0,5.940398999999161,0
0,-103,0,6.1250660000005155,0
0,-103,0,6.340987999996287,0
0,-103,0,6.541297999996459,0
0,-103,0,6.693091000001004,0
0,-103,0,6.893218999997771,0
0,-103,0,7.078648999995494,0
0,-103,0,7.262405999994371,0
0,-103,0,7.444865999998001,0
0,-103,0,7.628019999996468,0
0,-103,0,7.811649999996007,0
0,-104,0,7.98734699999477,0
0,-101,0,8.163966000000073,0
0,-101,0,8.348682999996527,0
0,-100,0,8.527900999994017,0
0,-100,0,8.674756000000343,0
0,-99,0,8.864846999997098,0
0,-100,0,9.027555000000575,0
0,-97,0,9.222966999994242,0
0,-96,0,9.365314999995462,0
0,-97,0,9.533493999995699,0
0,-93,0,9.698211999995692,0
0,-95,0,9.90103299999464,0
0,-94,0,10.065863999996509,0
0,-91,0,10.26627699999517,0
0,-91,0,10.466391999994812,0
0,-88,0,10.631668999994872,0
0,-87,0,10.799416999994719,0
0,-89,0,10.997817999996187,0
0,-88,0,11.18326199999865,0
0,-88,0,11.382964999997057,0
0,-90,0,11.619456000000355,0
0,-91,0,11.768264999998792,0
0,-91,0,11.931581999997434,0
0,-91,0,12.101056999999855,0
0,-95,0,12.268708999996306,0
0,-94,0,12.432424999999057,0
0,-93,0,12.600394999994023,0
0,-97,0,12.801160999995773,0
0,-97,0,13.0056129999939,0
0,-97,0,13.202603999998246,0
0,-98,0,13.402005999996618,0
0,-100,0,13.586861999996472,0
0,-102,0,13.77144799999951,0
0,-100,0,13.950807000001078,0
0,-102,0,14.134580999998434,0
0,-103,0,14.303907999994408,0
0,-102,0,14.49080999999569,0
0,-102,0,14.652412999996159,0
0,-103,0,14.834631999998237,0
0,-103,0,15.004759999996168,0
0,-103,0,15.205138999997871,0
0,-103,0,15.372946999996202,0
0,-103,0,15.545539999999164,0
0,-103,0,15.705239999995683,0
0,-103,0,15.873532999998133,0
0,-103,0,16.053157999995165,0
0,-103,0,16.220778999995673,0
0,-103,0,16.407208999997238,0
0,-103,0,16.591449999999895,0
0,-103,0,16.75700599999982,0
0,-103,0,16.915682999999262,0
0,-103,0,17.076438999996753,0
0,-103,0,17.26114999999845,0
0,-103,0,17.407830999996804,0
0,-103,0,17.5931070000006,0
0,-103,0,17.7399879999939,0
0,-103,0,17.92479199999798,0
0,-103,0,18.092295999995258,0
0,-104,0,18.276720999994723,0
0,-104,0,18.45656400000007,0
0,-104,0,18.62415399999736,0
0,-103,0,18.810380999995687,0
0,-102,0,18.99892600000021,0
0,-101,0,19.15788899999461,0
0,-103,0,19.341701999997895,0
0,-103,0,19.53662799999438,0
0,-98,0,19.711383999994723,0
0,-99,0,19.898779999995895,0
0,-99,0,20.053132000000915,0
0,-96,0,20.227263000000676,0
0,-97,0,20.411259000000427,0
0,-98,0,20.58071899999777,0
0,-94,0,20.780747999997402,0
0,-94,0,20.94564299999911,0
0,-94,0,21.11206599999423,0
0,-90,0,21.296299999994517,0
0,-90,0,21.459490000001097,0
0,-90,0,21.637918000000354,0
0,-88,0,21.80734400000074,0
0,-88,0,22.024195999998483,0
0,-87,0,22.21391899999435,0
0,-88,0,22.398761999997078,0
0,-89,0,22.57411399999546,0
0,-91,0,22.763958999996248,0
0,-92,0,22.94724299999507,0
0,-93,0,23.145682999995188,0
0,-92,0,23.310719999994035,0
0,-93,0,23.475562999999966,0
0,-95,0,23.68581699999777,0
0,-96,0,23.859292000001005,0
0,-96,0,24.018205000000307,0
0,-99,0,24.218360999999277,0
0,-99,0,24.37661500000104,0
0,-100,0,24.582191999994393,0
0,-99,0,24.752111999994668,0
0,-101,0,24.950893000001088,0
0,-99,0,25.140558999999485,0
0,-103,0,25.32327699999587,0
0,-104,0,25.523408000000927,0
0,-105,0,25.739128000001074,0
0,-104,0,25.940096999998786,0
0,-105,0,26.140825999995286,0
0,-105,0,26.341287999995984,0
0,-105,0,26.52501299999858,0
0,-105,0,26.724543999996968,0
0,-105,0,26.908990999996604,0
0,-105,0,27.09326599999622,0
0,-105,0,27.275872999998683,0
0,-105,0,27.45760199999495,0
0,-105,0,27.62670899999648,0
0,-105,0,27.813655999998446,0
0,-105,0,27.995780999997805,0
0,-105,0,28.17479800000001,0
0,-105,0,28.36085599999933,0
0,-105,0,28.52753699999448,0
0,-105,0,28.728003999996872,0
0,-105,0,28.912301999997,0
0,-105,0,29.075478999999177,0
0,-105,0,29.24567599999864,0
0,-104,0,29.430804999996326,0
0,-104,0,29.63008599999739,0
0,-102,0,29.861699000000954,0
0,-103,0,30.030119999995804,0
0,-100,0,30.23026199999731,0
0,-102,0,30.39918499999476,0
0,-100,0,30.57039100000111,0
0,-98,0,30.742394000000786,0
0,-98,0,30.882925999998406,0
0,-98,0,31.05791099999624,0
0,-97,0,31.27413499999966,0
0,-94,0,31.465329999999085,0
0,-94,0,31.667153999995207,0
0,-93,0,31.850243000000773,0
0,-94,0,32.05006099999446,0
0,-90,0,32.230712999997195,0
0,-92,0,32.420773999998346,0
0,-90,0,32.58313400000043,0
0,-88,0,32.77896799999871,0
0,-89,0,32.978925999996136,0
0,-87,0,33.13741999999911,0
0,-87,0,33.32994899999903,0
0,-89,0,33.53275799999392,0
0,-91,0,33.722718999997596,0
0,-91,0,33.90711399999418,0
0,-91,0,34.08588400000008,0
0,-95,0,34.28544999999576,0
0,-93,0,34.487373999996635,0
0,-97,0,34.66454199999862,0
0,-95,0,34.8563989999966,0
0,-96,0,35.040924000000814,0
0,-98,0,35.24084700000094,0
0,-99,0,35.45672299999569,0
0,-99,0,35.641985999995086,0
0,-101,0,35.84234999999899,0
0,-102,0,36.02646499999537,0
0,-101,0,36.21080499999516,0
0,-103,0,36.365452999998524,0
0,-102,0,36.55707099999563,0
0,-102,0,36.72682099999656,0
0,-102,0,36.91183900000033,0
0,-102,0,37.077206999994814,0
0,-102,0,37.24420799999643,0
0,-102,0,37.413324999994074,0
0,-102,0,37.61385799999698,0
0,-102,0,37.77661299999454,0
0,-102,0,37.94548599999689,0
0,-102,0,38.131530999999086,0
0,-102,0,38.289105999996536,0
0,-102,0,38.456296999996994,0
0,-102,0,38.6151899999968,0
0,-102,0,38.81414099999529,0
0,-102,0,38.979718999995384,0
0,-102,0,39.14737199999945,0
0,-102,0,39.332525999998325,0
0,-102,0,39.479450999999244,0
0,-102,0,39.616329999997106,0
0,-102,0,39.77419299999747,0
0,-102,0,39.97311600000103,0
0,-102,0,40.14872900000046,0
0,-103,0,40.30061199999909,0
0,-103,0,40.47501299999567,0
0,-103,0,40.634046999999555,0
0,-103,0,40.801557999999204,0
0,-103,0,40.99179300000105,0
0,-101,0,41.16059599999426,0
0,-103,0,41.30222800000047,0
0,-101,0,41.47725399999763,0
0,-103,0,41.66365799999767,0
0,-98,0,41.83527899999899,0
0,-99,0,42.00014399999782,0
0,-99,0,42.15197400000034,0
0,-98,0,42.35177699999622,0
0,-97,0,42.52109099999507,0
0,-94,0,42.69990400000097,0
0,-94,0,42.88470199999574,0
0,-93,0,43.054897999994864,0
0,-91,0,43.238031000000774,0
0,-92,0,43.423173999995925,0
0,-91,0,43.58728300000075,0
0,-88,0,43.75518799999554,0
0,-90,0,43.939533999997366,0
0,-89,0,44.09718399999838,0
0,-90,0,44.256021000001056,0
0,-89,0,44.47339500000089,0
0,-90,0,44.64088300000003,0
0,-91,0,44.789646999997785,0
0,-92,0,45.01819599999726,0
0,-93,0,45.18831599999976,0
0,-93,0,45.38151300000027,0
0,-93,0,45.550384999995,0
0,-97,0,45.7418819999948,0
0,-97,0,45.89020499999606,0
0,-97,0,46.07427199999802,0
0,-99,0,46.25852199999645,0
0,-99,0,46.44347899999411,0
0,-100,0,46.6281669999953,0
0,-101,0,46.81727099999989,0
0,-100,0,46.984145999995235,0
0,-100,0,47.132902999997896,0
0,-102,0,47.311369999995804,0
0,-104,0,47.50054499999533,0
0,-103,0,47.68701099999453,0
0,-103,0,47.86131499999465,0
0,-104,0,48.04087099999742,0
0,-106,0,48.18808999999601,0
0,-106,0,48.36609399999725,0
0,-106,0,48.57307199999923,0
0,-106,0,48.747559999996156,0
0,-106,0,48.932452999993984,0
0,-106,0,49.107889999999315,0
0,-106,0,49.330881999994745,0
0,-106,0,49.49185700000089,0
0,-106,0,49.660408999996434,0
0,-106,0,49.8771029999989,0
0,-106,0,50.01902300000074,0
0,-106,0,50.20026999999391,0
0,-106,0,50.367152999999234,0
0,-106,0,50.55176799999754,0
0,-106,0,50.75166899999749,0
0,-106,0,50.9360119999983,0
0,-106,0,51.13654499999393,0
0,-104,0,51.31582399999752,0
0,-105,0,51.501657000000705,0
0,-104,0,51.66987700000027,0
0,-102,0,51.85456499999418,0
0,-102,0,52.03854599999613,0
0,-101,0,52.23384199999418,0
0,-101,0,52.395317999995314,0
0,-102,0,52.5762939999986,0
0,-99,0,52.75648099999671,0
0,-99,0,52.926573999997345,0
0,-98,0,53.104449999998906,0
0,-95,0,53.32047099999909,0
0,-96,0,53.504619999999704,0
0,-96,0,53.67382699999871,0
0,-94,0,53.905539999999746,0
0,-95,0,54.091373999995994,0
0,-92,0,54.275135999996564,0
0,-93,0,54.45956899999874,0
0,-92,0,54.61182499999995,0
0,-90,0,54.79064799999469,0
0,-89,0,54.96598799999629,0
0,-91,0,55.14391500000056,0
0,-88,0,55.34382999999798,0
0,-89,0,55.50912499999686,0
0,-92,0,55.676619999998366,0
0,-92,0,55.86052999999811,0
0,-91,0,56.045061999997415,0
0,-94,0,56.225501000000804,0
0,-94,0,56.40849999999773,0
0,-96,0,56.58267999999953,0
0,-98,0,56.77885899999819,0
0,-98,0,56.98381199999858,0
0,-97,0,57.162632999999914,0
0,-100,0,57.34691599999496,0
0,-99,0,57.518732999997155,0
0,-102,0,57.679588999999396,0
0,-102,0,57.86393799999496,0
0,-102,0,58.06320799999958,0
0,-103,0,58.218917999998666,0
0,-103,0,58.39484999999695,0
0,-104,0,58.56802400000015,0
0,-103,0,58.71344599999429,0
0,-104,0,58.91284299999825,0
0,-105,0,59.08032999999705,0
0,-105,0,59.24945199999638,0
0,-105,0,59.41291600000113,0
0,-105,0,59.59201799999573,0
0,-105,0,59.76573400000052,0
0,-105,0,59.95029899999645,0
0,-105,0,60.11397600000055,0
0,-105,0,60.28246099999524,0
0,-105,0,60.467343999996956,0
0,-105,0,60.63579100000061,0
0,-105,0,60.814048000000184,0
0,-105,0,60.98424199999863,0
0,-105,0,61.183891000000585,0
0,-105,0,61.36838799999532,0
0,-105,0,61.55282399999851,0
0,-105,0,61.71547099999589,0
0,-105,0,61.88558599999669,0
0,-105,0,62.08628399999725,0
0,-105,0,62.26938099999825,0
0,-106,0,62.453826999997545,0
0,-104,0,62.60660999999527,0
0,-102,0,62.785305999997945,0
0,-104,0,62.96983199999522,0
0,-104,0,63.154703000000154,0
0,-102,0,63.33401199999935,0
0,-102,0,63.55575799999497,0
0,-99,0,63.71841999999742,0
0,-100,0,63.88794699999562,0
0,-100,0,64.07259899999917,0
0,-97,0,64.27313799999683,0
0,-98,0,64.4568369999979,0
0,-97,0,64.6567240000004,0
0,-94,0,64.83651699999609,0
0,-94,0,65.01999899999646,0
0,-93,0,65.18911799999478,0
0,-92,0,65.38954099999683,0
0,-92,0,65.57418899999902,0
0,-90,0,65.77506499999436,0
0,-88,0,65.93768099999579,0
0,-90,0,66.12312399999792,0
0,-90,0,66.29057499999908,0
0,-89,0,66.49175399999513,0
0,-89,0,66.69299299999693,0
0,-91,0,66.88215399999899,0
0,-92,0,67.0767979999946,0
0,-95,0,67.2355779999998,0
0,-95,0,67.41986499999621,0
0,-94,0,67.61937899999612,0
0,-97,0,67.7935639999996,0
0,-99,0,67.97832699999708,0
0,-96,0,68.18639599999733,0
0,-100,0,68.37920899999881,0
0,-100,0,68.583673000001,0
0,-100,0,68.7458970000007,0
0,-102,0,68.94323299999814,0
0,-103,0,69.12707999999839,0
0,-104,0,69.2971749999997,0
0,-102,0,69.48048600000038,0
0,-103,0,69.65507899999648,0
0,-103,0,69.83705399999599,0
0,-103,0,69.99491699999635,0
0,-103,0,70.16605200000049,0
0,-103,0,70.34523199999967,0
0,-103,0,70.54666399999405,0
0,-103,0,70.71516699999484,0
0,-103,0,70.9000309999974,0
0,-103,0,71.08286499999667,0
0,-103,0,71.24656099999993,0
0,-103,0,71.43734699999914,0
0,-103,0,71.59941399999661,0
0,-103,0,71.75942899999791,0
0,-103,0,71.96828499999538,0
0,-103,0,72.1997779999947,0
0,-103,0,72.3685789999945,0
0,-103,0,72.53764099999535,0
0,-103,0,72.75230200000078,0
0,-103,0,72.95126999999775,0
0,-103,0,73.151248999995,0
0,-103,0,73.3196209999951,0
0,-104,0,73.49358399999619,0
0,-104,0,73.6942080000008,0
0,-103,0,73.89839499999653,0
0,-104,0,74.04295699999784,0
0,-102,0,74.24370899999485,0
0,-103,0,74.4033019999988,0
0,-102,0,74.54576899999665,0
0,-101,0,74.74070599999686,0
0,-98,0,74.89956399999937,0
0,-99,0,75.07388499999797,0
0,-97,0,75.26087999999436,0
0,-95,0,75.48462099999597,0
0,-97,0,75.66489399999409,0
0,-94,0,75.80823099999543,0
0,-94,0,75.99181499999395,0
0,-93,0,76.14003499999671,0
0,-91,0,76.34640299999592,0
0,-93,0,76.5804119999957,0
0,-90,0,76.76757599999837,0
0,-90,0,76.9407910000009,0
0,-89,0,77.1185089999999,0
0,-89,0,77.27750799999922,0
0,-87,0,77.4550059999965,0
0,-87,0,77.66775499999494,0
0,-91,0,77.87948799999867,0
0,-90,0,78.05601200000092,0
0,-94,0,78.24250599999505,0
0,-93,0,78.44285599999421,0
0,-93,0,78.60709199999837,0
0,-97,0,78.83876600000076,0
0,-95,0,78.98164999999426,0
0,-95,0,79.16042200000084,0
0,-99,0,79.32852399999683,0
0,-98,0,79.51418899999408,0
0,-99,0,79.73037599999952,0
0,-101,0,79.8987730000008,0
0,-102,0,80.05494099999487,0
0,-103,0,80.24622599999566,0
0,-104,0,80.43015799999557,0
0,-102,0,80.61459900000045,0
0,-104,0,80.79952299999422,0
0,-103,0,80.96201599999767,0
0,-103,0,81.13033899999573,0
0,-103,0,81.33031099999789,0
0,-103,0,81.49890600000072,0
0,-103,0,81.68330900000001,0
0,-103,0,81.84669199999917,0
0,-103,0,82.01559799999814,0
0,-103,0,82.21518099999957,0
0,-103,0,82.39975499999855,0
0,-103,0,82.59521400000085,0
0,-103,0,82.80469900000026,0
0,-103,0,82.93740099999559,0
0,-103,0,83.124874000001,0
0,-103,0,83.30189199999586,0
0,-103,0,83.48659299999417,0
0,-103,0,83.6598909999957,0
0,-103,0,83.82484299999487,0
0,-103,0,84.02411999999458,0
0,-103,0,84.2028599999976,0
0,-104,0,84.3876439999949,0
0,-105,0,84.598278999998,0
0,-102,0,84.78814499999862,0
0,-104,0,84.94781499999954,0
0,-103,0,85.12212599999475,0
0,-101,0,85.28917999999976,0
0,-101,0,85.45168999999441,0
0,-101,0,85.6413659999962,0
0,-99,0,85.81644399999641,0
0,-99,0,86.02630099999806,0
0,-98,0,86.1900370000003,0
0,-97,0,86.35839799999667,0
0,-98,0,86.52183299999888,0
0,-96,0,86.70179400000052,0
0,-94,0,86.8548049999954,0
0,-94,0,87.0394610000003,0
0,-91,0,87.23956099999486,0
0,-91,0,87.44360600000073,0
0,-91,0,87.59156899999653,0
0,-89,0,87.79151399999682,0
0,-88,0,88.01618099999905,0
0,-88,0,88.19211599999835,0
0,-88,0,88.40816899999481,0
0,-89,0,88.60826699999598,0
0,-93,0,88.81925599999522,0
0,-92,0,89.00837799999863,0
0,-92,0,89.17676399999618,0
0,-93,0,89.39374499999394,0
0,-93,0,89.577999000001,0
0,-98,0,89.78511900000012,0
0,-98,0,89.97930999999517,0
0,-96,0,90.16019999999844,0
0,-99,0,90.32899899999757,0
0,-98,0,90.5121599999984,0
0,-97,0,90.69246399999975,0
0,-103,0,90.82789799999591,0
0,-101,0,91.01260999999795,0
0,-101,0,91.18655999999464,0
0,-103,0,91.35494699999981,0
0,-102,0,91.52602099999785,0
0,-104,0,91.74006599999848,0
0,-104,0,91.9070539999957,0
0,-103,0,92.08358799999405,0
0,-104,0,92.29936299999827,0
0,-104,0,92.46493899999768,0
0,-104,0,92.60975199999666,0
0,-103,0,92.7540039999949,0
0,-103,0,92.92604299999948,0
0,-103,0,93.06236399999761,0
0,-103,0,93.25632999999652,0
0,-103,0,93.41157999999996,0
0,-103,0,93.56474299999536,0
0,-103,0,93.72111099999893,0
0,-103,0,93.8770499999955,0
0,-103,0,94.02809799999523,0
0,-103,0,94.21225599999889,0
0,-103,0,94.38342399999965,0
0,-103,0,94.54181499999686,0
0,-103,0,94.687708999998,0
0,-103,0,94.87632399999711,0
0,-103,0,95.056951999999,0
0,-103,0,95.23558399999456,0
0,-103,0,95.42085999999836,0
0,-103,0,95.57034600000043,0
0,-103,0,95.7360719999997,0
0,-103,0,95.96237099999416,0
0,-103,0,96.13753300000099,0
0,-101,0,96.33774899999844,0
0,-100,0,96.53802200000064,0
0,-100,0,96.72799999999552,0
0,-99,0,96.90648800000054,0
0,-100,0,97.09154399999534,0
0,-98,0,97.26414799999475,0
0,-97,0,97.44623999999749,0
0,-96,0,97.59010099999432,0
0,-94,0,97.7752909999981,0
0,-93,0,97.96110499999486,0
0,-95,0,98.15103799999633,0
0,-91,0,98.3246250000011,0
0,-92,0,98.510245999998,0
0,-93,0,98.70942099999957,0
0,-89,0,98.89993200000026,0
0,-89,0,99.11112299999513,0
0,-88,0,99.27939499999775,0
0,-89,0,99.45419299999776,0
0,-90,0,99.66933399999834,0
0,-93,0,99.85381299999426,0
0,-93,0,100.05065399999876,0
0,-93,0,100.22923199999786,0
0,-94,0,100.41360399999394,0
0,-95,0,100.5835059999954,0
0,-95,0,100.74584499999764,0
0,-97,0,100.9473450000005,0
0,-96,0,101.11495499999728,0
0,-99,0,101.28251699999964,0
0,-99,0,101.45467999999528,0
0,-98,0,101.67341799999849,0
0,-100,0,101.84797699999763,0
0,-100,0,102.07996499999717,0
0,-101,0,102.28068399999756,0
0,-102,0,102.4498839999942,0
0,-103,0,102.61847499999567,0
0,-104,0,102.78099099999963,0
0,-104,0,102.94933999999921,0
0,-103,0,103.16488599999866,0
0,-103,0,103.34930999999779,0
0,-103,0,103.53391700000066,0
0,-103,0,103.73410399999557,0
0,-103,0,103.94991099999606,0
0,-103,0,104.17600999999559,0
0,-103,0,104.3662589999949,0
0,-103,0,104.55455899999652,0
0,-103,0,104.77073799999926,0
0,-103,0,104.97728799999459,0
0,-103,0,105.15186399999948,0
0,-103,0,105.33577700000023,0
0,-103,0,105.52054800000042,0
0,-103,0,105.70066799999768,0
0,-103,0,105.87898899999709,0
0,-103,0,106.0698940000002,0
0,-103,0,106.25332999999955,0
0,-103,0,106.43734799999947,0
0,-103,0,106.63828999999532,0
0,-104,0,106.82666999999492,0
0,-102,0,107.00657099999808,0
0,-103,0,107.18447300000116,0
0,-103,0,107.39118099999905,0
0,-103,0,107.58070500000031,0
0,-98,0,107.73407600000064,0
0,-99,0,107.92628899999545,0
0,-98,0,108.09209800000099,0
0,-98,0,108.29202899999655,0
0,-97,0,108.46133399999962,0
0,-96,0,108.6505429999961,0
0,-95,0,108.84512299999915,0
0,-94,0,109.00779799999873,0
0,-95,0,109.17846299999655,0
0,-92,0,109.37352099999407,0
0,-91,0,109.56871499999397,0
0,-90,0,109.75242499999877,0
0,-88,0,109.94265900000028,0
0,-90,0,110.12707199999568,0
0,-88,0,110.30674599999475,0
0,-90,0,110.48715999999695,0
0,-90,0,110.66057499999442,0
0,-92,0,110.84408399999666,0
0,-92,0,111.01670000000013,0
0,-92,0,111.19302500000049,0
0,-95,0,111.36036999999487,0
0,-95,0,111.56139099999564,0
0,-94,0,111.72988600000099,0
0,-98,0,111.90436899999622,0
0,-97,0,112.08791499999643,0
0,-98,0,112.29916799999774,0
0,-100,0,112.46170799999527,0
0,-98,0,112.6469369999977,0
0,-102,0,112.83212699999422,0
0,-101,0,113.02174099999684,0
0,-101,0,113.23271999999997,0
0,-103,0,113.39021800000046,0
0,-105,0,113.5965309999956,0
0,-103,0,113.78152699999919,0
0,-103,0,113.96982199999911,0
0,-103,0,114.13466399999743,0
0,-103,0,114.3246020000006,0
0,-103,0,114.53459599999769,0
0,-103,0,114.7049709999992,0
0,-103,0,114.89143799999874,0
0,-103,0,115.07580700000108,0
0,-103,0,115.25114899999608,0
0,-103,0,115.41429899999639,0
0,-103,0,115.63076799999544,0
0,-103,0,115.81543999999849,0
0,-103,0,115.99889399999665,0
0,-103,0,116.16864999999962,0
0,-103,0,116.35253199999715,0
0,-103,0,116.5374989999982,0
0,-103,0,116.71295499999542,0
0,-103,0,116.90108899999905,0
0,-103,0,117.07043200000044,0
0,-103,0,117.25362299999688,0
0,-103,0,117.43802999999753,0
0,-103,0,117.61683600000106,0
0,-103,0,117.81021799999871,0
0,-103,0,117.97012999999424,0
0,-103,0,118.13890600000013,0
0,-103,0,118.2890219999972,0
0,-101,0,118.470272999999,0
0,-104,0,118.65464399999473,0
0,-100,0,118.87043499999709,0
0,-99,0,119.04918899999757,0
0,-98,0,119.228783999999,0
0,-97,0,119.4402059999993,0
0,-97,0,119.5987759999989,0
0,-93,0,119.772907999999,0
0,-94,0,119.95704000000114,0
0,-94,0,120.15725499999826,0
0,-92,0,120.35756499999843,0
0,-91,0,120.5428019999963,0
0,-91,0,120.72190099999716,0
0,-89,0,120.9216679999954,0
0,-89,0,121.14304699999775,0
0,-90,0,121.32362699999794,0
0,-88,0,121.50736199999665,0
0,-90,0,121.6749839999975,0
0,-92,0,121.84454099999857,0
0,-91,0,122.00760499999888,0
0,-90,0,122.19228199999634,0
0,-93,0,122.39314100000047,0
0,-94,0,122.58224499999778,0
0,-97,0,122.77839799999492,0
0,-97,0,122.96150299999863,0
0,-96,0,123.14632699999493,0
0,-100,0,123.31259499999578,0
0,-98,0,123.52681199999643,0
0,-99,0,123.71170300000085,0
0,-101,0,123.89663199999632,0
0,-102,0,124.0799149999948,0
0,-104,0,124.28345299999637,0
0,-104,0,124.4808819999962,0
0,-105,0,124.68107600000076,0
0,-103,0,124.88159599999926,0
0,-104,0,125.08140799999819,0
0,-104,0,125.25028499999462,0
0,-104,0,125.42910899999697,0
0,-104,0,125.61358199999813,0
0,-104,0,125.78346600000077,0
0,-104,0,125.96788299999753,0
0,-104,0,126.16769999999815,0
0,-104,0,126.31680999999662,0
0,-104,0,126.50005099999544,0
0,-104,0,126.6686189999964,0
0,-104,0,126.8534159999981,0
0,-104,0,127.03295599999547,0
0,-104,0,127.24058800000057,0
0,-104,0,127.40597599999455,0
0,-104,0,127.61634899999626,0
0,-104,0,127.77083099999436,0
0,-104,0,127.95525899999484,0
0,-104,0,128.11931599999662,0
0,-104,0,128.33950699999696,0
0,-105,0,128.5393120000008,0
0,-105,0,128.7432090000002,0
0,-103,0,128.90971200000058,0
0,-103,0,129.0997900000002,0
0,-101,0,129.33042399999977,0
0,-100,0,129.5218939999977,0
0,-102,0,129.70044999999664,0
0,-101,0,129.89070999999967,0
0,-99,0,130.08109599999443,0
0,-99,0,130.2755079999988,0
0,-96,0,130.4759339999946,0
0,-95,0,130.66057899999578,0
0,-93,0,130.84478699999454,0
0,-93,0,131.0517089999994,0
0,-95,0,131.22961999999825,0
0,-91,0,131.40889400000015,0
0,-91,0,131.60512000000017,0
0,-90,0,131.7784859999956,0
0,-89,0,131.94762199999968,0
0,-90,0,132.14103400000022,0
0,-89,0,132.29550299999391,0
0,-89,0,132.459305999997,0
0,-90,0,132.63437200000044,0
0,-90,0,132.81601299999602,0
0,-91,0,132.98032399999647,0
0,-91,0,133.16471900000033,0
0,-93,0,133.31711099999666,0
0,-95,0,133.51038799999515,0
0,-95,0,133.71159899999475,0
0,-96,0,133.9186899999986,0
0,-98,0,134.0774889999957,0
0,-100,0,134.28408499999932,0
0,-100,0,134.42418399999588,0
0,-100,0,134.57875399999466,0
0,-101,0,134.81049099999655,0
0,-101,0,134.99850899999728,0
0,-101,0,135.20280600000115,0
0,-100,0,135.3858540000001,0
0,-103,0,135.55003099999885,0
0,-102,0,135.75428799999645,0
0,-102,0,135.9126599999945,0
0,-102,0,136.11374299999443,0
0,-103,0,136.31423299999733,0
0,-103,0,136.47229700000025,0
0,-103,0,136.66123499999958,0
0,-103,0,136.86094199999934,0
0,-103,0,137.0554389999961,0
0,-103,0,137.2623139999996,0
0,-103,0,137.45721200000116,0
0,-103,0,137.6434869999939,0
0,-103,0,137.8314859999955,0
0,-103,0,138.00569299999916,0
0,-103,0,138.17491299999529,0
0,-103,0,138.33893800000078,0
0,-103,0,138.54831299999933,0
0,-103,0,138.75430999999662,0
0,-103,0,138.9348189999946,0
0,-103,0,139.11057099999744,0
0,-103,0,139.3414219999977,0
0,-103,0,139.48809799999435,0
0,-103,0,139.6871800000008,0
0,-103,0,139.82610199999908,0
0,-102,0,140.01185799999803,0
0,-103,0,140.21158099999593,0
0,-100,0,140.41220899999462,0
0,-102,0,140.633428000001,0
0,-100,0,140.812668999999,0
0,-100,0,141.00563499999407,0
0,-98,0,141.21291499999643,0
0,-96,0,141.39835499999754,0
0,-96,0,141.58250099999714,0
0,-96,0,141.74728799999866,0
0,-94,0,141.91528099999414,0
0,-95,0,142.09863599999517,0
0,-92,0,142.2832070000004,0
0,-90,0,142.48328599999513,0
0,-91,0,142.6834669999953,0
0,-89,0,142.8628069999977,0
0,-89,0,143.04837599999883,0
0,-89,0,143.21976499999437,0
0,-87,0,143.42716999999539,0
0,-88,0,143.5854149999941,0
0,-89,0,143.78579199999513,0
0,-90,0,143.9843499999988,0
0,-90,0,144.1599869999991,0
0,-94,0,144.37738399999944,0
0,-95,0,144.53956299999845,0
0,-93,0,144.7583949999971,0
0,-98,0,144.96272899999894,0
0,-97,0,145.149179,0
0,-99,0,145.33646999999473,0
0,-99,0,145.52545399999508,0
0,-99,0,145.72121499999776,0
0,-99,0,145.90614999999525,0
0,-102,0,146.08995799999684,0
0,-102,0,146.25429099999747,0
0,-101,0,146.4229589999959,0
0,-103,0,146.61116599999514,0
0,-104,0,146.78997700000036,0
0,-104,0,146.99063399999432,0
0,-104,0,147.16034599999693,0
0,-104,0,147.37012699999468,0
0,-104,0,147.55557299999782,0
0,-104,0,147.74011099999916,0
0,-104,0,147.92468599999847,0
0,-104,0,148.11198099999456,0
0,-104,0,148.30861899999582,0
0,-104,0,148.49342500000057,0
0,-104,0,148.64609099999507,0
0,-104,0,148.8406399999949,0
0,-104,0,149.01033299999835,0
0,-104,0,149.19444199999998,0
0,-104,0,149.35867399999552,0
0,-104,0,149.52698899999814,0
0,-104,0,149.71144500000082,0
0,-104,0,149.8799799999979,0
0,-104,0,150.0544630000004,0
0,-104,0,150.2278809999989,0
0,-103,0,150.42811100000108,0
0,-104,0,150.61726099999942,0
0,-104,0,150.77678000000014,0
0,-103,0,150.9292079999941,0
0,-105,0,151.11273299999448,0
0,-105,0,151.28086099999928,0
0,-101,0,151.48235600000044,0
0,-102,0,151.66003099999944,0
0,-100,0,151.84565799999837,0
0,-97,0,152.0254749999949,0
0,-101,0,152.20018100000016,0
0,-97,0,152.3676259999993,0
0,-97,0,152.5525290000005,0
0,-94,0,152.70036999999866,0
0,-94,0,152.9084539999967,0
0,-94,0,153.10152499999822,0
0,-92,0,153.29713600000105,0
0,-91,0,153.48193499999616,0
0,-92,0,153.67139099999622,0
0,-91,0,153.88719299999502,0
0,-89,0,154.07650699999795,0
0,-88,0,154.27197399999568,0
0,-88,0,154.45365599999786,0
0,-89,0,154.6419889999961,0
0,-90,0,154.8373319999955,0
0,-92,0,155.0058879999997,0
0,-91,0,155.17434700000013,0
0,-94,0,155.33832599999732,0
0,-94,0,155.5224859999944,0
0,-96,0,155.70693799999572,0
0,-96,0,155.88746099999844,0
0,-96,0,156.0639999999985,0
0,-96,0,156.24050799999532,0
0,-98,0,156.42453599999862,0
0,-100,0,156.60895299999538,0
0,-100,0,156.76150499999494,0
0,-101,0,156.9318490000005,0
0,-100,0,157.0711919999958,0
0,-100,0,157.25715900000068,0
0,-101,0,157.46248199999536,0
0,-103,0,157.62079199999425,0
0,-102,0,157.85782299999846,0
0,-103,0,158.03843000000052,0
0,-103,0,158.21256100000028,0
0,-103,0,158.38952599999902,0
0,-103,0,158.55352299999504,0
0,-103,0,158.74333800000022,0
0,-103,0,158.91198799999984,0
0,-103,0,159.07796499999677,0
0,-103,0,159.24309099999664,0
0,-103,0,159.41303499999776,0
0,-103,0,159.56261599999561,0
0,-103,0,159.75383599999623,0
0,-103,0,159.94446799999423,0
0,-103,0,160.11907000000065,0
0,-103,0,160.29303000000073,0
0,-103,0,160.4457859999966,0
0,-103,0,160.63122999999905,0
0,-103,0,160.81411699999444,0
0,-103,0,160.99385699999402,0
0,-103,0,161.17926199999783,0
0,-103,0,161.34656800000084,0
0,-103,0,161.54481599999417,0
0,-103,0,161.74852299999475,0
0,-102,0,161.94772199999716,0
0,-103,0,162.13114599999972,0
0,-103,0,162.29588299999887,0
0,-102,0,162.44715999999607,0
0,-100,0,162.63494699999865,0
0,-99,0,162.8162999999986,0
0,-99,0,162.99612999999954,0
0,-100,0,163.19106699999975,0
0,-97,0,163.366277000001,0
0,-96,0,163.53342799999518,0
0,-96,0,163.70072999999684,0
0,-94,0,163.863010999994,0
0,-94,0,164.0355969999946,0
0,-95,0,164.20914500000072,0
0,-90,0,164.44124499999452,0
0,-93,0,164.61955899999884,0
0,-93,0,164.81413799999427,0
0,-89,0,164.96883399999933,0
0,-88,0,165.11250799999834,0
0,-87,0,165.26119199999812,0
0,-89,0,165.40365799999563,0
0,-89,0,165.57811899999797,0
0,-89,0,165.7208879999962,0
0,-92,0,165.95496699999785,0
0,-91,0,166.09832900000038,0
0,-90,0,166.24224400000094,0
0,-94,0,166.38511799999833,0
0,-95,0,166.60624299999472,0
0,-96,0,166.81512799999473,0
0,-97,0,166.96905100000004,0
0,-95,0,167.13895899999625,0
0,-98,0,167.29199700000026,0
0,-100,0,167.49514699999418,0
0,-100,0,167.70978299999842,0
0,-102,0,167.89059399999678,0
0,-102,0,168.09646199999406,0
0,-101,0,168.2332099999985,0
0,-102,0,168.3908819999997,0
0,-102,0,168.5495929999961,0
0,-105,0,168.713115999999,0
0,-106,0,168.88655499999732,0
0,-104,0,169.0711749999973,0
0,-105,0,169.22411499999725,0
0,-105,0,169.41126199999417,0
0,-105,0,169.5970180000004,0
0,-105,0,169.76632799999788,0
0,-105,0,169.92532099999517,0
0,-105,0,170.09926299999643,0
0,-105,0,170.25791200000094,0
0,-105,0,170.42061199999443,0
0,-105,0,170.6100929999957,0
0,-105,0,170.77235599999403,0
0,-105,0,170.95751899999595,0
0,-105,0,171.124788000001,0
0,-105,0,171.30656399999862,0
0,-105,0,171.47475199999462,0
0,-105,0,171.67430500000046,0
0,-105,0,171.85813599999528,0
0,-105,0,172.0232759999999,0
0,-105,0,172.2057249999998,0
0,-105,0,172.37498299999424,0
0,-104,0,172.55831699999544,0
0,-106,0,172.74308699999528,0
0,-104,0,172.90734999999404,0
0,-103,0,173.09083099999407,0
0,-102,0,173.27571799999714,0
0,-102,0,173.4637419999999,0
0,-100,0,173.66537399999652,0
0,-99,0,173.84434699999838,0
0,-99,0,174.01706800000102,0
0,-99,0,174.20232599999872,0
0,-97,0,174.37689799999498,0
0,-95,0,174.57787899999676,0
0,-96,0,174.8008469999986,0
0,-94,0,174.97871999999916,0
0,-95,0,175.1847689999995,0
0,-91,0,175.3667889999997,0
0,-90,0,175.54643899999792,0
0,-90,0,175.72536899999977,0
0,-89,0,175.9099969999952,0
0,-88,0,176.0781369999968,0
0,-88,0,176.2637179999947,0
0,-89,0,176.4269159999967,0
0,-88,0,176.63286199999857,0
0,-90,0,176.79555399999663,0
0,-91,0,176.96353499999532,0
0,-91,0,177.11428399999568,0
0,-90,0,177.34421999999904,0
0,-93,0,177.52739499999734,0
0,-94,0,177.72234000000026,0
0,-97,0,177.87212599999475,0
0,-95,0,178.0644370000009,0
0,-98,0,178.24076399999467,0
0,-99,0,178.4492609999943,0
0,-101,0,178.67318299999897,0
0,-101,0,178.84942899999442,0
0,-102,0,179.02043199999753,0
0,-102,0,179.1826629999996,0
0,-103,0,179.38226199999917,0
0,-105,0,179.5677269999942,0
0,-102,0,179.76671799999895,0
0,-105,0,179.96147599999676,0
0,-105,0,180.13077799999883,0
0,-105,0,180.31558699999732,0
0,-105,0,180.48419899999863,0
0,-105,0,180.684831999999,0
0,-105,0,180.88365099999646,0
0,-105,0,181.0681889999978,0
0,-105,0,181.25280999999814,0
0,-105,0,181.44706700000097,0
0,-105,0,181.6147259999998,0
0,-105,0,181.75974999999744,0
0,-105,0,181.96879699999408,0
0,-105,0,182.13187299999845,0
0,-105,0,182.32579099999566,0
0,-105,0,182.4957129999966,0
0,-105,0,182.6546459999954,0
0,-105,0,182.82091399999626,0
0,-105,0,183.02242000000115,0
0,-105,0,183.19969199999468,0
0,-105,0,183.43768299999647,0
0,-104,0,183.59073999999964,0
0,-103,0,183.7705649999989,0
0,-103,0,183.9380089999977,0
0,-102,0,184.12237099999766,0
0,-103,0,184.29082399999606,0
0,-100,0,184.48163499999646,0
0,-101,0,184.65953699999955,0
0,-102,0,184.82372699999542,0
0,-98,0,184.97214499999973,0
0,-99,0,185.17246099999466,0
0,-96,0,185.3723370000007,0
0,-96,0,185.5726680000007,0
0,-96,0,185.772778999999,0
0,-95,0,185.957319000001,0
0,-95,0,186.15779199999815,0
0,-92,0,186.32172999999602,0
0,-91,0,186.52210199999536,0
0,-91,0,186.72249999999622,0
0,-89,0,186.89118600000074,0
0,-88,0,187.07413399999496,0
0,-87,0,187.25880399999733,0
0,-88,0,187.40889700000116,0
0,-88,0,187.585156000001,0
0,-89,0,187.8007230000003,0
0,-91,0,187.98546599999827,0
0,-90,0,188.20071499999904,0
0,-93,0,188.40185899999778,0
0,-94,0,188.58692099999462,0
0,-94,0,188.73834599999827,0
0,-96,0,188.89410199999838,0
0,-97,0,189.0709429999988,0
0,-98,0,189.2290989999965,0
0,-99,0,189.39649199999985,0
0,-99,0,189.56098599999677,0
0,-99,0,189.72926899999584,0
0,-100,0,189.92897699999594,0
0,-100,0,190.12461500000063,0
0,-100,0,190.29411899999832,0
0,-103,0,190.47823100000096,0
0,-102,0,190.63105599999835,0
0,-103,0,190.7954899999968,0
0,-101,0,190.97870200000034,0
0,-104,0,191.16321799999423,0
0,-104,0,191.35713499999838,0
0,-104,0,191.56398799999442,0
0,-104,0,191.7104760000002,0
0,-104,0,191.9127029999945,0
0,-104,0,192.11262100000022,0
0,-104,0,192.29654299999675,0
0,-104,0,192.49632500000007,0
0,-104,0,192.64028499999404,0
0,-104,0,192.82331499999418,0
0,-104,0,192.99772599999415,0
0,-104,0,193.18218499999784,0
0,-104,0,193.3671419999955,0
0,-104,0,193.54064999999537,0
0,-104,0,193.7254649999959,0
0,-104,0,193.90899999999965,0
0,-104,0,194.06780699999945,0
0,-104,0,194.23176599999715,0
0,-104,0,194.43148899999505,0
0,-104,0,194.60504599999695,0
0,-103,0,194.76887599999463,0
0,-103,0,194.95226899999398,0
0,-103,0,195.1442939999979,0
0,-103,0,195.3337459999966,0
0,-101,0,195.50089099999605,0
0,-101,0,195.68617499999527,0
0,-98,0,195.8709899999958,0
0,-99,0,196.0509649999949,0
0,-99,0,196.2029279999988,0
0,-98,0,196.4028130000006,0
0,-97,0,196.60807399999612,0
0,-96,0,196.79269399999612,0
0,-93,0,196.97219999999652,0
0,-94,0,197.16140799999994,0
0,-91,0,197.38868599999842,0
0,-92,0,197.5621140000003,0
0,-90,0,197.77341599999636,0
0,-88,0,198.00492899999517,0
0,-90,0,198.19421599999623,0
0,-90,0,198.37501299999713,0
0,-89,0,198.54801299999963,0
0,-90,0,198.72494499999448,0
0,-92,0,198.92277699999977,0
0,-91,0,199.10694800000056,0
0,-92,0,199.30213999999978,0
0,-94,0,199.52885999999853,0
0,-93,0,199.72012099999847,0
0,-95,0,199.88324299999658,0
0,-96,0,200.06720499999938,0
0,-97,0,200.24329399999988,0
0,-101,0,200.42648399999598,0
0,-100,0,200.61481099999946,0
0,-97,0,200.7948550000001,0
0,-101,0,200.97918399999617,0
0,-101,0,201.13534999999683,0
0,-101,0,201.3264399999971,0
0,-102,0,201.5109620000003,0
0,-103,0,201.6957229999971,0
0,-103,0,201.91252800000075,0
0,-103,0,202.06725899999583,0
0,-104,0,202.26958100000047,0
0,-104,0,202.45361199999752,0
0,-104,0,202.63373699999647,0
0,-104,0,202.82971499999985,0
0,-104,0,203.01484699999855,0
0,-104,0,203.19890399999713,0
0,-104,0,203.38358199999493,0
0,-104,0,203.54754599999433,0
0,-104,0,203.72370699999738,0
0,-104,0,203.89987299999484,0
0,-104,0,204.08452299999772,0
0,-104,0,204.25196199999482,0
0,-104,0,204.41630799999984,0
0,-104,0,204.62181399999827,0
0,-104,0,204.80191199999535,0
0,-104,0,205.00160199999664,0
0,-104,0,205.18827600000077,0
0,-104,0,205.351284999997,0
0,-104,0,205.53464900000108,0
0,-106,0,205.71948499999417,0
0,-103,0,205.91975000000093,0
0,-103,0,206.10454999999638,0
0,-101,0,206.28854299999512,0
0,-102,0,206.45189899999968,0
0,-101,0,206.62519600000087,0
0,-103,0,206.8217850000001,0
0,-99,0,207.0049399999989,0
0,-100,0,207.1728479999947,0
0,-97,0,207.40616600000067,0
0,-95,0,207.58993199999531,0
0,-96,0,207.7905249999967,0
0,-95,0,207.94656199999736,0
0,-94,0,208.12299399999756,0
0,-95,0,208.3243899999943,0
0,-93,0,208.52290199999698,0
0,-93,0,208.7229079999961,0
0,-89,0,208.89222299999528,0
0,-89,0,209.0716790000006,0
0,-90,0,209.24782699999923,0
0,-89,0,209.45648299999448,0
0,-88,0,209.65718399999605,0
0,-93,0,209.857849,0
0,-92,0,210.05919300000096,0
0,-93,0,210.27014299999428,0
0,-94,0,210.4285099999979,0
0,-95,0,210.63666099999682,0
0,-94,0,210.81224799999472,0
0,-97,0,210.9968729999964,0
0,-96,0,211.17580199999793,0
0,-99,0,211.3292799999981,0
0,-99,0,211.52962699999625,0
0,-100,0,211.71344699999463,0
0,-102,0,211.8981399999975,0
0,-101,0,212.0644919999977,0
0,-102,0,212.23021999999764,0
0,-104,0,212.41413399999874,0
0,-102,0,212.62972199999786,0
0,-101,0,212.79869099999632,0
0,-102,0,212.97752899999614,0
0,-104,0,213.17808499999956,0
0,-106,0,213.3877269999939,0
0,-106,0,213.57921999999962,0
0,-106,0,213.77092099999572,0
0,-106,0,213.9309409999987,0
0,-106,0,214.11528899999394,0
0,-106,0,214.31607499999518,0
0,-106,0,214.5158969999975,0
0,-106,0,214.7006509999992,0
0,-106,0,214.88165599999775,0
0,-106,0,215.0814029999965,0
0,-106,0,215.27856600000086,0
0,-106,0,215.46531200000027,0
0,-106,0,215.64996499999688,0
0,-106,0,215.8344569999972,0
0,-106,0,216.03416799999832,0
0,-106,0,216.25225499999942,0
0,-106,0,216.45114599999943,0
0,-105,0,216.6356569999989,0
0,-106,0,216.80409900000086,0
0,-102,0,217.00480999999854,0
0,-103,0,217.17585999999574,0
0,-102,0,217.34142299999803,0
0,-101,0,217.53105199999845,0
0,-101,0,217.72120399999403,0
0,-99,0,217.90568299999723,0
0,-99,0,218.07405799999833,0
0,-98,0,218.26458399999683,0
0,-98,0,218.42417899999418,0
0,-96,0,218.60154799999873,0
0,-97,0,218.77667400000064,0
0,-95,0,218.96665599999687,0
0,-94,0,219.14015400000062,0
0,-93,0,219.33497499999794,0
0,-92,0,219.50989899999695,0
0,-92,0,219.71037899999646,0
0,-88,0,219.8947479999988,0
0,-89,0,220.0744429999977,0
0,-89,0,220.2429759999941,0
0,-88,0,220.44326499999443,0
0,-88,0,220.64444199999707,0
0,-90,0,220.84312499999942,0
0,-91,0,221.0447819999972,0
0,-91,0,221.24399399999675,0
0,-95,0,221.4447269999946,0
0,-93,0,221.66162299999996,0
0,-93,0,221.85241599999426,0
0,-96,0,222.02944299999945,0
0,-97,0,222.21479399999953,0
0,-99,0,222.38996799999586,0
0,-98,0,222.57191899999452,0
0,-98,0,222.75679300000047,0
0,-99,0,222.9465940000009,0
0,-103,0,223.12772699999914,0
0,-101,0,223.27799099999538,0
0,-103,0,223.48367699999653,0
0,-104,0,223.65270400000009,0
0,-104,0,223.79854299999715,0
0,-103,0,224.01017599999614,0
0,-104,0,224.158279999996,0
0,-104,0,224.32926099999895,0
0,-104,0,224.47941499999433,0
0,-104,0,224.66913699999714,0
0,-104,0,224.8645389999947,0
0,-104,0,225.03369399999792,0
0,-104,0,225.224589999998,0
0,-104,0,225.41878899999574,0
0,-104,0,225.61731699999655,0
0,-104,0,225.81929999999556,0
0,-104,0,225.99809099999402,0
0,-104,0,226.1840899999952,0
0,-104,0,226.3519879999949,0
0,-104,0,226.55216599999403,0
0,-104,0,226.7622349999947,0
0,-104,0,226.96229699999822,0
0,-104,0,227.15238300000055,0
0,-104,0,227.32224999999744,0
0,-104,0,227.52197499999602,0
0,-104,0,227.7053059999962,0
0,-103,0,227.88006699999823,0
0,-102,0,228.06007099999988,0
0,-103,0,228.27490599999874,0
0,-102,0,228.4598349999942,0
0,-102,0,228.63952499999868,0
0,-101,0,228.82456199999433,0
0,-100,0,228.99999899999966,0
0,-100,0,229.1927680000008,0
0,-97,0,229.36114899999666,0
0,-97,0,229.52977999999712,0
0,-95,0,229.68567600000097,0
0,-95,0,229.85129199999938,0
0,-95,0,230.03614099999686,0
0,-96,0,230.20835299999453,0
0,-91,0,230.39120800000092,0
0,-92,0,230.57529899999645,0
0,-92,0,230.77541299999575,0
0,-88,0,230.96039399999427,0
0,-88,0,231.15899399999762,0
0,-90,0,231.34369199999492,0
0,-88,0,231.51585299999715,0
0,-88,0,231.74443500000052,0
0,-91,0,231.94558300000062,0
0,-90,0,232.11333499999455,0
0,-92,0,232.30286199999682,0
0,-93,0,232.47149499999796,0
0,-95,0,232.63067700000101,0
0,-96,0,232.8405949999942,0
0,-98,0,232.97732499999984,0
0,-97,0,233.19957499999873,0
0,-99,0,233.39831699999922,0
0,-99,0,233.5735549999954,0
0,-98,0,233.7517519999965,0
0,-102,0,233.89994399999705,0
0,-102,0,234.07489799999894,0
0,-100,0,234.27527800000098,0
0,-101,0,234.45343299999513,0
0,-103,0,234.66358699999546,0
0,-101,0,234.80115999999543,0
0,-104,0,234.962225999996,0
0,-103,0,235.166870999994,0
0,-103,0,235.36854099999618,0
0,-103,0,235.552840999997,0
0,-103,0,235.73633300000074,0
0,-103,0,235.91669600000023,0
0,-103,0,236.11649699999543,0
0,-103,0,236.31717199999548,0
0,-103,0,236.50147799999831,0
0,-103,0,236.6855429999996,0
0,-103,0,236.86623099999997,0
0,-103,0,237.08498499999405,0
0,-103,0,237.27783899999486,0
0,-103,0,237.45442799999728,0
0,-103,0,237.63867699999537,0
0,-103,0,237.80666099999507,0
0,-103,0,237.98749699999462,0
0,-103,0,238.17166699999507,0
0,-103,0,238.35566199999448,0
0,-103,0,238.54051799999434,0
0,-104,0,238.70796400000108,0
0,-102,0,238.90654699999868,0
0,-103,0,239.0737289999961,0
0,-104,0,239.28163900000072,0
0,-101,0,239.50106199999573,0
0,-101,0,239.6767269999982,0
0,-103,0,239.87828499999887,0
0,-98,0,240.1360979999954,0
0,-99,0,240.3294659999956,0
0,-97,0,240.50792999999976,0
0,-96,0,240.7036619999999,0
0,-94,0,240.90711499999452,0
0,-94,0,241.10881099999824,0
0,-94,0,241.2734249999994,0
0,-91,0,241.4435439999943,0
0,-91,0,241.60945899999933,0
0,-92,0,241.82558900000004,0
0,-88,0,242.02559800000017,0
0,-88,0,242.23633599999448,0
0,-89,0,242.4364579999965,0
0,-88,0,242.61111299999902,0
0,-89,0,242.7985819999958,0
0,-93,0,243.0107599999974,0
0,-90,0,243.17274399999587,0
0,-92,0,243.3681579999975,0
0,-94,0,243.55879999999888,0
0,-94,0,243.76928799999587,0
0,-99,0,243.92009300000063,0
0,-96,0,244.113010999994,0
0,-96,0,244.3135540000003,0
0,-100,0,244.47226899999805,0
0,-98,0,244.64492600000085,0
0,-100,0,244.81450499999482,0
0,-103,0,244.99751399999514,0
0,-103,0,245.1461169999966,0
0,-102,0,245.335278999999,0
0,-102,0,245.51590600000054,0
0,-102,0,245.69507299999532,0
0,-104,0,245.88005499999417,0
0,-106,0,246.04653400000097,0
0,-104,0,246.27902099999483,0
0,-103,0,246.44734400000016,0
0,-103,0,246.648454999995,0
0,-103,0,246.84272899999633,0
0,-103,0,247.04925999999978,0
0,-103,0,247.2499749999988,0
0,-103,0,247.46641499999532,0
0,-103,0,247.66539699999703,0
0,-103,0,247.86815999999817,0
0,-103,0,248.08166099999653,0
0,-103,0,248.27654999999504,0
0,-103,0,248.451896999999,0
0,-103,0,248.64450099999522,0
0,-103,0,248.81977099999494,0
0,-103,0,248.99318299999868,0
0,-103,0,249.16715799999656,0
0,-103,0,249.3518980000008,0
0,-104,0,249.5289419999972,0
0,-104,0,249.72108899999876,0
0,-104,0,249.92100299999584,0
0,-101,0,250.12094499999512,0
0,-102,0,250.32119399999647,0
0,-103,0,250.48452499999985,0
0,-102,0,250.66978499999823,0
0,-101,0,250.8539779999992,0
0,-98,0,251.0372419999985,0
0,-100,0,251.22199399999954,0
0,-99,0,251.38746399999945,0
0,-96,0,251.62360400000034,0
0,-97,0,251.78713399999833,0
0,-95,0,251.9886589999951,0
0,-95,0,252.1740490000011,0
0,-96,0,252.3599899999972,0
0,-91,0,252.52394699999422,0
0,-91,0,252.71300999999949,0
0,-89,0,252.89491899999848,0
0,-89,0,253.09804499999882,0
0,-90,0,253.3043719999987,0
0,-90,0,253.52500699999655,0
0,-89,0,253.68264799999451,0
0,-89,0,253.85777399999643,0
0,-93,0,254.02589699999953,0
0,-92,0,254.2575199999992,0
0,-93,0,254.4425059999994,0
0,-94,0,254.62708899999416,0
0,-94,0,254.81581000000006,0
0,-97,0,254.98472200000106,0
0,-98,0,255.20115399999486,0
0,-99,0,255.39742499999556,0
0,-99,0,255.59837300000072,0
0,-99,0,255.79288699999597,0
0,-101,0,255.99303299999883,0
0,-101,0,256.1612879999957,0
0,-100,0,256.361066999998,0
0,-103,0,256.5459139999948,0
0,-104,0,256.7614519999988,0
0,-103,0,256.96200799999497,0
0,-105,0,257.14588399999775,0
0,-103,0,257.330191999994,0
0,-104,0,257.495253999994,0
0,-104,0,257.6618499999968,0
0,-104,0,257.8624029999992,0
0,-104,0,258.06438499999786,0
0,-104,0,258.2477660000004,0
0,-104,0,258.39898600000015,0
0,-104,0,258.5958160000009,0
0,-104,0,258.7742369999978,0
0,-104,0,258.9640739999959,0
0,-104,0,259.14312999999675,0
0,-104,0,259.33315899999434,0
0,-104,0,259.4862839999987,0
0,-104,0,259.6755469999989,0
0,-104,0,259.83357799999794,0
0,-104,0,260.0443959999975,0
0,-104,0,260.2348669999992,0
0,-104,0,260.39873599999555,0
0,-105,0,260.5753729999997,0
0,-105,0,260.75061599999754,0
0,-103,0,260.9509539999999,0
0,-104,0,261.1505219999963,0
0,-103,0,261.3507679999966,0
0,-102,0,261.5080969999981,0
0,-103,0,261.73405600000115,0
0,-99,0,261.92560799999774,0
0,-99,0,262.15174499999557,0
0,-100,0,262.37821899999835,0
0,-97,0,262.56231699999626,0
0,-96,0,262.73668799999723,0
0,-96,0,262.9126899999974,0
0,-95,0,263.146553999999,0
0,-95,0,263.3546060000008,0
0,-92,0,263.4945200000002,0
0,-90,0,263.6636969999963,0
0,-91,0,263.8204079999996,0
0,-89,0,263.9746410000007,0
0,-88,0,264.1389829999971,0
0,-90,0,264.3651549999995,0
0,-89,0,264.5390649999972,0
0,-90,0,264.69183099999645,0
0,-89,0,264.86554899999464,0
0,-91,0,265.0410169999959,0
0,-91,0,265.2708119999952,0
0,-93,0,265.4896200000003,0
0,-93,0,265.68703999999707,0
0,-93,0,265.887993999997,0
0,-95,0,266.0719939999981,0
0,-96,0,266.27274000000034,0
0,-98,0,266.4569730000003,0
0,-99,0,266.6406749999951,0
0,-97,0,266.8565329999983,0
0,-101,0,267.0565809999971,0
0,-100,0,267.2413799999995,0
0,-103,0,267.4059469999993,0
0,-103,0,267.62127399999736,0
0,-102,0,267.8420019999976,0
0,-104,0,268.0418539999955,0
0,-101,0,268.2043849999973,0
0,-102,0,268.37406799999735,0
0,-102,0,268.5586120000007,0
0,-102,0,268.7420910000001,0
0,-102,0,268.90636899999663,0
0,-102,0,269.0892160000003,0
0,-102,0,269.3070669999943,0
0,-102,0,269.46920300000056,0
0,-102,0,269.7007589999994,0
0,-102,0,269.8758719999969,0
0,-102,0,270.04355999999825,0
0,-102,0,270.24375199999486,0
0,-102,0,270.44405299999926,0
0,-102,0,270.63183500000014,0
0,-102,0,270.8260169999994,0
0,-102,0,271.0090629999977,0
0,-102,0,271.2096229999952,0
0,-102,0,271.44078199999785,0
0,-105,0,271.6262299999944,0
0,-104,0,271.80918499999825,0
0,-103,0,271.9781959999964,0
0,-102,0,272.17934799999784,0
0,-102,0,272.3628529999987,0
0,-100,0,272.5632869999972,0
0,-102,0,272.74786299999687,0
0,-101,0,272.931184999994,0
0,-100,0,273.1120809999993,0
0,-99,0,273.28000999999495,0
0,-98,0,273.4481219999943,0
0,-97,0,273.64804699999513,0
0,-97,0,273.82774100000097,0
0,-95,0,274.02832599999965,0
0,-94,0,274.2276999999958,0
0,-91,0,274.41326699999627,0
0,-93,0,274.58167599999433,0
0,-91,0,274.7853169999944,0
0,-88,0,274.9652700000006,0
0,-88,0,275.1657599999962,0
0,-88,0,275.3659320000006,0
0,-89,0,275.55017199999565,0
0,-89,0,275.7132949999941,0
0,-90,0,275.8983389999994,0
0,-91,0,276.09867099999974,0
0,-92,0,276.2993789999964,0
0,-94,0,276.499023999997,0
0,-93,0,276.68285099999775,0
0,-92,0,276.8828030000004,0
0,-96,0,277.09827499999665,0
0,-95,0,277.2837959999961,0
0,-99,0,277.49209799999517,0
0,-99,0,277.66882500000065,0
0,-100,0,277.8598239999992,0
0,-101,0,278.09618399999454,0
0,-101,0,278.2538129999957,0
0,-103,0,278.45396299999993,0
0,-102,0,278.61629299999913,0
0,-102,0,278.7993729999944,0
0,-103,0,278.96453499999916,0
0,-105,0,279.1382309999972,0
0,-104,0,279.34646199999406,0
0,-103,0,279.53788599999825,0
0,-103,0,279.69512699999905,0
0,-103,0,279.8977059999961,0
0,-103,0,280.0827979999958,0
0,-103,0,280.25591999999597,0
0,-103,0,280.42465799999627,0
0,-103,0,280.6339489999955,0
0,-103,0,280.8282199999958,0
0,-103,0,281.03538899999694,0
0,-103,0,281.2361349999992,0
0,-103,0,281.45211500000005,0
0,-103,0,281.61205699999846,0
0,-103,0,281.79888899999787,0
0,-103,0,281.99009300000034,0
0,-103,0,282.19052499999816,0
0,-103,0,282.4061919999949,0
0,-102,0,282.6112670000002,0
0,-103,0,282.8054940000002,0
0,-103,0,283.0062949999992,0
0,-103,0,283.20716399999947,0
0,-104,0,283.4076109999951,0
0,-101,0,283.59242000000086,0
0,-101,0,283.7602209999968,0
0,-100,0,283.9240239999999,0
0,-99,0,284.1040489999941,0
0,-97,0,284.2607910000006,0
0,-97,0,284.42753499999526,0
0,-98,0,284.60183099999995,0
0,-96,0,284.76072099999874,0
0,-94,0,284.9946889999992,0
0,-92,0,285.2005099999951,0
0,-93,0,285.4454059999989,0
0,-92,0,285.6034259999942,0
0,-92,0,285.79863699999987,0
0,-86,0,285.9787619999988,0
0,-89,0,286.18752599999425,0
0,-88,0,286.38243299999885,0
0,-89,0,286.5458359999975,0
0,-89,0,286.7250930000009,0
0,-88,0,286.9185729999954,0
0,-92,0,287.0770179999963,0
0,-91,0,287.24006499999814,0
0,-95,0,287.4046429999944,0
0,-94,0,287.56360799999675,0
0,-93,0,287.75103300000046,0
0,-97,0,287.95085099999415,0
0,-97,0,288.1640879999977,0
0,-97,0,288.3577829999995,0
0,-99,0,288.53100099999574,0
0,-99,0,288.6847179999968,0
0,-98,0,288.87898499999574,0
0,-102,0,289.06472999999824,0
0,-102,0,289.243091999997,0
0,-102,0,289.4273169999942,0
0,-102,0,289.6400250000006,0
0,-104,0,289.8137639999986,0
0,-104,0,290.00253299999895,0
0,-103,0,290.1970399999991,0
0,-103,0,290.3607129999946,0
0,-104,0,290.52057399999467,0
0,-104,0,290.7045389999985,0
0,-104,0,290.909421999997,0
0,-104,0,291.10681399999885,0
0,-104,0,291.2838629999969,0
0,-104,0,291.4843139999939,0
0,-104,0,291.6639609999984,0
0,-104,0,291.8846730000005,0
0,-104,0,292.0579529999959,0
0,-104,0,292.2212010000003,0
0,-104,0,292.4273699999976,0
0,-104,0,292.6061869999976,0
0,-104,0,292.7850169999947,0
0,-104,0,292.9560229999988,0
0,-104,0,293.1853689999989,0
0,-104,0,293.3695329999973,0
0,-104,0,293.54275499999494,0
0,-103,0,293.7565869999962,0
0,-102,0,293.9334469999958,0
0,-103,0,294.1320029999988,0
0,-103,0,294.3532070000001,0
0,-102,0,294.5441809999975,0
0,-99,0,294.72862899999745,0
0,-100,0,294.938900000001,0
0,-98,0,295.12480499999947,0
0,-99,0,295.3190229999964,0
0,-96,0,295.503681999995,0
0,-96,0,295.71288799999456,0
0,-97,0,295.9052969999975,0
0,-94,0,296.10555499999464,0
0,-94,0,296.3064729999969,0
0,-90,0,296.50565999999526,0
0,-91,0,296.7056589999993,0
0,-91,0,296.9346809999988,0
0,-88,0,297.1110619999963,0
0,-88,0,297.30627999999706,0
0,-90,0,297.50704499999847,0
0,-90,0,297.70749599999544,0
0,-89,0,297.90862899999775,0
0,-93,0,298.10907600000064,0
0,-93,0,298.29270499999984,0
0,-95,0,298.47734599999967,0
0,-93,0,298.6714539999957,0
0,-94,0,298.83680599999934,0
0,-98,0,299.0196849999993,0
0,-95,0,299.2010889999947,0
0,-95,0,299.3773860000001,0
0,-99,0,299.53605199999583,0
0,-98,0,299.7361579999997,0
0,-99,0,299.9458699999959,0
0,-102,0,300.14232600000105,0
0,-101,0,300.34717799999635,0
0,-101,0,300.5440199999939,0
0,-104,0,300.71200499999395,0
0,-102,0,300.912593999994,0
0,-104,0,301.1216729999942,0
0,-104,0,301.329694,0
0,-103,0,301.5144999999975,0
0,-103,0,301.6982429999989,0
0,-103,0,301.8827419999943,0
0,-103,0,302.05465299999923,0
0,-103,0,302.2625829999961,0
0,-103,0,302.4629119999954,0
0,-103,0,302.63555199999973,0
0,-103,0,302.83129299999564,0
0,-103,0,303.018584999998,0
0,-103,0,303.2046409999966,0
0,-103,0,303.3843249999991,0
0,-103,0,303.53861999999936,0
0,-103,0,303.72658399999636,0
0,-103,0,303.9008079999985,0
0,-104,0,304.0854330000002,0
0,-104,0,304.2417179999975,0
0,-104,0,304.41192500000034,0
0,-104,0,304.61215799999627,0
0,-103,0,304.8551559999978,0
0,-102,0,305.02626799999416,0
0,-102,0,305.20940300000075,0
0,-103,0,305.41736200000014,0
0,-102,0,305.59237199999916,0
0,-104,0,305.76065299999755,0
0,-98,0,305.92856399999437,0
0,-100,0,306.1339239999943,0
0,-100,0,306.34217799999897,0
0,-98,0,306.5192109999989,0
0,-97,0,306.7032760000002,0
0,-95,0,306.88207699999475,0
0,-93,0,307.08286399999633,0
0,-93,0,307.28300899999886,0
0,-91,0,307.47554999999556,0
0,-92,0,307.66802499999903,0
0,-90,0,307.88403399999515,0
0,-88,0,308.07786900000065,0
0,-88,0,308.28644899999927,0
0,-88,0,308.506263999996,0
0,-88,0,308.6830059999993,0
0,-89,0,308.9147679999951,0
0,-91,0,309.1222710000002,0
0,-91,0,309.28782800000045,0
0,-93,0,309.4741709999944,0
0,-92,0,309.6492399999988,0
0,-93,0,309.850351999994,0
0,-95,0,310.0238529999988,0
0,-95,0,310.209305999997,0
0,-95,0,310.46582800000033,0
0,-98,0,310.65817999999854,0
0,-100,0,310.85310200000094,0
0,-100,0,311.04191300000093,0
0,-101,0,311.22650799999974,0
0,-100,0,311.41012699999555,0
0,-102,0,311.59806899999967,0
0,-102,0,311.7735249999969,0
0,-106,0,311.9888389999978,0
0,-104,0,312.18954099999974,0
0,-104,0,312.389857999995,0
0,-104,0,312.6105899999966,0
0,-104,0,312.7997770000002,0
0,-104,0,312.9865839999984,0
0,-104,0,313.2112479999996,0
0,-104,0,313.39168000000063,0
0,-104,0,313.5924739999973,0
0,-104,0,313.7981779999973,0
0,-104,0,313.9929950000005,0
0,-104,0,314.19208299999445,0
0,-104,0,314.39235299999564,0
0,-104,0,314.596961999996,0
0,-104,0,314.80305399999634,0
0,-104,0,314.9773619999978,0
0,-104,0,315.13912300000084,0
0,-104,0,315.36163799999485,0
0,-104,0,315.56298999999854,0
0,-104,0,315.7472510000007,0
0,-102,0,315.9456680000003,0
0,-103,0,316.14659499999834,0
0,-100,0,316.3313049999997,0
0,-100,0,316.5310849999951,0
0,-102,0,316.73122099999455,0
0,-102,0,316.91577099999995,0
0,-100,0,317.1157289999974,0
0,-98,0,317.29528999999457,0
0,-96,0,317.4960349999965,0
0,-96,0,317.69764799999393,0
0,-97,0,317.89710399999603,0
0,-95,0,318.08982699999615,0
0,-94,0,318.295858999998,0
0,-92,0,318.4810240000006,0
0,-90,0,318.68604100000084,0
0,-92,0,318.89080199999444,0
0,-88,0,319.1180139999997,0
0,-89,0,319.3181289999993,0
0,-88,0,319.54980899999646,0
0,-87,0,319.792720999998,0
